0, 0.000622714, 0.06216
0.1, 0.000639337, 0.06145
0.2, 0.000656402, 0.06075
0.3, 0.000673923, 0.06004
0.4, 0.000691912, 0.05934
0.5, 0.00071038, 0.05863
0.6, 0.000729341, 0.05792
0.7, 0.000748807, 0.05722
0.8, 0.000768793, 0.05651
0.9, 0.000789311, 0.05581
1, 0.000810377, 0.0551
1.1, 0.000832005, 0.05448
1.2, 0.000854209, 0.05385
1.3, 0.000877005, 0.05323
1.4, 0.00090041, 0.0526
1.5, 0.000924438, 0.05198
1.6, 0.000949106, 0.05135
1.7, 0.000974433, 0.05072
1.8, 0.00100043, 0.0501
1.9, 0.00102713, 0.04947
2, 0.00105454, 0.04885
2.1, 0.00108267, 0.04829
2.2, 0.00111156, 0.04774
2.3, 0.00114121, 0.04718
2.4, 0.00117166, 0.04663
2.5, 0.00120292, 0.04607
2.6, 0.00123501, 0.04552
2.7, 0.00126796, 0.04496
2.8, 0.00130178, 0.04441
2.9, 0.0013365, 0.04385
3, 0.00137215, 0.0433
3.1, 0.00140875, 0.04281
3.2, 0.00144633, 0.04232
3.3, 0.0014849, 0.04183
3.4, 0.0015245, 0.04134
3.5, 0.00156516, 0.04084
3.6, 0.0016069, 0.04035
3.7, 0.00164975, 0.03986
3.8, 0.00169374, 0.03937
3.9, 0.0017389, 0.03888
4, 0.00178527, 0.03839
4.1, 0.00183287, 0.03795
4.2, 0.00188173, 0.03752
4.3, 0.0019319, 0.03708
4.4, 0.00198339, 0.03665
4.5, 0.00203626, 0.03621
4.6, 0.00209054, 0.03577
4.7, 0.00214626, 0.03534
4.8, 0.00220346, 0.0349
4.9, 0.00226218, 0.03447
5, 0.00232247, 0.03403
5.1, 0.00238435, 0.03364
5.2, 0.00244789, 0.03326
5.3, 0.0025131, 0.03287
5.4, 0.00258006, 0.03249
5.5, 0.00264879, 0.0321
5.6, 0.00271935, 0.03171
5.7, 0.00279178, 0.03133
5.8, 0.00286614, 0.03094
5.9, 0.00294247, 0.03056
6, 0.00302082, 0.03017
6.1, 0.00310126, 0.02983
6.2, 0.00318383, 0.02948
6.3, 0.0032686, 0.02914
6.4, 0.00335561, 0.0288
6.5, 0.00344493, 0.02846
6.6, 0.00353662, 0.02811
6.7, 0.00363075, 0.02777
6.8, 0.00372736, 0.02743
6.9, 0.00382654, 0.02708
7, 0.00392835, 0.02674
7.1, 0.00403285, 0.02644
7.2, 0.00414013, 0.02613
7.3, 0.00425024, 0.02583
7.4, 0.00436327, 0.02553
7.5, 0.0044793, 0.02522
7.6, 0.00459839, 0.02492
7.7, 0.00472064, 0.02462
7.8, 0.00484612, 0.02432
7.9, 0.00497491, 0.02401
8, 0.00510712, 0.02371
8.1, 0.00524282, 0.02344
8.2, 0.0053821, 0.02317
8.3, 0.00552506, 0.0229
8.4, 0.0056718, 0.02263
8.5, 0.00582242, 0.02236
8.6, 0.00597701, 0.0221
8.7, 0.00613568, 0.02183
8.8, 0.00629853, 0.02156
8.9, 0.00646568, 0.02129
9, 0.00663724, 0.02102
9.1, 0.00681331, 0.02078
9.2, 0.00699403, 0.02054
9.3, 0.0071795, 0.0203
9.4, 0.00736986, 0.02006
9.5, 0.00756522, 0.01983
9.6, 0.00776572, 0.01959
9.7, 0.00797149, 0.01935
9.8, 0.00818267, 0.01911
9.9, 0.0083994, 0.01887
10, 0.00862182, 0.01863
10.1, 0.00885007, 0.01842
10.2, 0.00908432, 0.01821
10.3, 0.0093247, 0.018
10.4, 0.00957138, 0.01779
10.5, 0.00982453, 0.01758
10.6, 0.0100843, 0.01736
10.7, 0.0103509, 0.01715
10.8, 0.0106244, 0.01694
10.9, 0.0109051, 0.01673
11, 0.0111931, 0.01652
11.1, 0.0114887, 0.01633
11.2, 0.0117919, 0.01614
11.3, 0.0121031, 0.01596
11.4, 0.0124223, 0.01577
11.5, 0.0127499, 0.01558
11.6, 0.013086, 0.01539
11.7, 0.0134308, 0.0152
11.8, 0.0137846, 0.01502
11.9, 0.0141476, 0.01483
12, 0.01452, 0.01464
12.1, 0.0149021, 0.01447
12.2, 0.015294, 0.01431
12.3, 0.0156961, 0.01414
12.4, 0.0161086, 0.01398
12.5, 0.0165318, 0.01381
12.6, 0.0169659, 0.01364
12.7, 0.0174111, 0.01348
12.8, 0.0178679, 0.01331
12.9, 0.0183364, 0.01315
13, 0.018817, 0.01298
13.1, 0.0193099, 0.01283
13.2, 0.0198154, 0.01269
13.3, 0.0203339, 0.01254
13.4, 0.0208657, 0.01239
13.5, 0.0214111, 0.01224
13.6, 0.0219705, 0.0121
13.7, 0.0225441, 0.01195
13.8, 0.0231323, 0.0118
13.9, 0.0237355, 0.01166
14, 0.0243541, 0.01151
14.1, 0.0249883, 0.01138
14.2, 0.0256387, 0.01125
14.3, 0.0263055, 0.01112
14.4, 0.0269892, 0.01099
14.5, 0.0276901, 0.01086
14.6, 0.0284087, 0.01072
14.7, 0.0291454, 0.01059
14.8, 0.0299006, 0.01046
14.9, 0.0306748, 0.01033
15, 0.0314683, 0.0102
15.1, 0.0322817, 0.01008
15.2, 0.0331154, 0.00997
15.3, 0.0339699, 0.00985
15.4, 0.0348456, 0.00974
15.5, 0.0357431, 0.00962
15.6, 0.0366628, 0.0095
15.7, 0.0376053, 0.00939
15.8, 0.038571, 0.00927
15.9, 0.0395605, 0.00916
16, 0.0405743, 0.00904
16.1, 0.041613, 0.00894
16.2, 0.042677, 0.00884
16.3, 0.0437671, 0.00873
16.4, 0.0448836, 0.00863
16.5, 0.0460273, 0.00853
16.6, 0.0471987, 0.00843
16.7, 0.0483984, 0.00833
16.8, 0.049627, 0.00822
16.9, 0.0508851, 0.00812
17, 0.0521733, 0.00802
17.1, 0.0534924, 0.00793
17.2, 0.0548428, 0.00784
17.3, 0.0562253, 0.00775
17.4, 0.0576406, 0.00766
17.5, 0.0590892, 0.00756
17.6, 0.0605719, 0.00747
17.7, 0.0620894, 0.00738
17.8, 0.0636423, 0.00729
17.9, 0.0652313, 0.0072
18, 0.0668572, 0.00711
18.1, 0.0685206, 0.00703
18.2, 0.0702223, 0.00695
18.3, 0.071963, 0.00687
18.4, 0.0737434, 0.00679
18.5, 0.0755643, 0.00671
18.6, 0.0774264, 0.00662
18.7, 0.0793304, 0.00654
18.8, 0.0812771, 0.00646
18.9, 0.0832673, 0.00638
19, 0.0853017, 0.0063
19.1, 0.087381, 0.00623
19.2, 0.0895061, 0.00616
19.3, 0.0916777, 0.00608
19.4, 0.0938965, 0.00601
19.5, 0.0961634, 0.00594
19.6, 0.098479, 0.00587
19.7, 0.100844, 0.0058
19.8, 0.10326, 0.00572
19.9, 0.105726, 0.00565
20, 0.108244, 0.00558
20.1, 0.110815, 0.00552
20.2, 0.113439, 0.00545
20.3, 0.116118, 0.00539
20.4, 0.118851, 0.00533
20.5, 0.121639, 0.00527
20.6, 0.124484, 0.0052
20.7, 0.127385, 0.00514
20.8, 0.130344, 0.00508
20.9, 0.133361, 0.00501
21, 0.136437, 0.00495
21.1, 0.139573, 0.00489
21.2, 0.142769, 0.00484
21.3, 0.146026, 0.00478
21.4, 0.149343, 0.00473
21.5, 0.152723, 0.00467
21.6, 0.156166, 0.00461
21.7, 0.159671, 0.00456
21.8, 0.163239, 0.0045
21.9, 0.166872, 0.00445
22, 0.170569, 0.00439
22.1, 0.174331, 0.00434
22.2, 0.178158, 0.00429
22.3, 0.18205, 0.00424
22.4, 0.186008, 0.00419
22.5, 0.190032, 0.00414
22.6, 0.194123, 0.00409
22.7, 0.19828, 0.00404
22.8, 0.202504, 0.00399
22.9, 0.206794, 0.00394
23, 0.211151, 0.00389
23.1, 0.215575, 0.00385
23.2, 0.220066, 0.0038
23.3, 0.224624, 0.00376
23.4, 0.229248, 0.00371
23.5, 0.233939, 0.00367
23.6, 0.238696, 0.00363
23.7, 0.243519, 0.00358
23.8, 0.248408, 0.00354
23.9, 0.253362, 0.00349
24, 0.258381, 0.00345
24.1, 0.263464, 0.00342
24.2, 0.268611, 0.00338
24.3, 0.273821, 0.00335
24.4, 0.279094, 0.00332
24.5, 0.284428, 0.00328
24.6, 0.289824, 0.00325
24.7, 0.295279, 0.00322
24.8, 0.300794, 0.00319
24.9, 0.306367, 0.00315
25, 0.311997, 0.00312
25.1, 0.317683, 0.00308
25.2, 0.323424, 0.00305
25.3, 0.329219, 0.00301
25.4, 0.335066, 0.00298
25.5, 0.340964, 0.00294
25.6, 0.346912, 0.0029
25.7, 0.352908, 0.00287
25.8, 0.358951, 0.00283
25.9, 0.365039, 0.0028
26, 0.37117, 0.00276
26.1, 0.377343, 0.00273
26.2, 0.383556, 0.0027
26.3, 0.389808, 0.00266
26.4, 0.396096, 0.00263
26.5, 0.402418, 0.0026
26.6, 0.408773, 0.00257
26.7, 0.415159, 0.00254
26.8, 0.421573, 0.0025
26.9, 0.428014, 0.00247
27, 0.434479, 0.00244
27.1, 0.440967, 0.00241
27.2, 0.447475, 0.00238
27.3, 0.454, 0.00236
27.4, 0.460542, 0.00233
27.5, 0.467098, 0.0023
27.6, 0.473664, 0.00227
27.7, 0.48024, 0.00224
27.8, 0.486823, 0.00222
27.9, 0.49341, 0.00219
28, 0.5, 0.00216
28.1, 0.50659, 0.00214
28.2, 0.513177, 0.00211
28.3, 0.51976, 0.00209
28.4, 0.526336, 0.00206
28.5, 0.532902, 0.00203
28.6, 0.539458, 0.00201
28.7, 0.546, 0.00199
28.8, 0.552525, 0.00196
28.9, 0.559033, 0.00194
29, 0.565521, 0.00191
29.1, 0.571986, 0.00189
29.2, 0.578427, 0.00187
29.3, 0.584841, 0.00184
29.4, 0.591227, 0.00182
29.5, 0.597582, 0.0018
29.6, 0.603904, 0.00178
29.7, 0.610192, 0.00176
29.8, 0.616444, 0.00173
29.9, 0.622657, 0.00171
30, 0.62883, 0.00169
30.1, 0.634961, 0.00167
30.2, 0.641049, 0.00165
30.3, 0.647092, 0.00163
30.4, 0.653088, 0.00161
30.5, 0.659036, 0.0016
30.6, 0.664934, 0.00158
30.7, 0.670781, 0.00156
30.8, 0.676576, 0.00154
30.9, 0.682317, 0.00152
31, 0.688003, 0.0015
31.1, 0.693633, 0.00148
31.2, 0.699206, 0.00146
31.3, 0.704721, 0.00145
31.4, 0.710176, 0.00143
31.5, 0.715572, 0.00141
31.6, 0.720906, 0.00139
31.7, 0.726179, 0.00137
31.8, 0.731389, 0.00136
31.9, 0.736536, 0.00134
32, 0.741619, 0.00132
32.1, 0.746638, 0.00131
32.2, 0.751592, 0.00129
32.3, 0.756481, 0.00128
32.4, 0.761304, 0.00126
32.5, 0.766061, 0.00125
32.6, 0.770752, 0.00123
32.7, 0.775376, 0.00121
32.8, 0.779934, 0.0012
32.9, 0.784425, 0.00119
33, 0.788849, 0.00117
33.1, 0.793206, 0.00116
33.2, 0.797496, 0.00114
33.3, 0.80172, 0.00113
33.4, 0.805877, 0.00111
33.5, 0.809968, 0.0011
33.6, 0.813992, 0.00109
33.7, 0.81795, 0.00107
33.8, 0.821842, 0.00106
33.9, 0.825669, 0.00104
34, 0.829431, 0.00103
34.1, 0.833128, 0.00102
34.2, 0.836761, 0.00101
34.3, 0.840329, 0.000995741
34.4, 0.843834, 0.000984321
34.5, 0.847277, 0.000972901
34.6, 0.850657, 0.000961481
34.7, 0.853974, 0.000950061
34.8, 0.857231, 0.000938642
34.9, 0.860427, 0.000927222
35, 0.863563, 0.000915802
35.1, 0.866639, 0.000905462
35.2, 0.869656, 0.000895122
35.3, 0.872615, 0.000884781
35.4, 0.875516, 0.000874441
35.5, 0.878361, 0.000864101
35.6, 0.881149, 0.000853761
35.7, 0.883882, 0.000843421
35.8, 0.886561, 0.00083308
35.9, 0.889185, 0.00082274
36, 0.891756, 0.0008124
36.1, 0.894274, 0.000803041
36.2, 0.89674, 0.000793682
36.3, 0.899156, 0.000784323
36.4, 0.901521, 0.000774964
36.5, 0.903837, 0.000765606
36.6, 0.906103, 0.000756247
36.7, 0.908322, 0.000746888
36.8, 0.910494, 0.000737529
36.9, 0.912619, 0.00072817
37, 0.914698, 0.000718811
37.1, 0.916733, 0.000711031
37.2, 0.918723, 0.00070325
37.3, 0.92067, 0.00069547
37.4, 0.922574, 0.000687689
37.5, 0.924436, 0.000679909
37.6, 0.926257, 0.000672129
37.7, 0.928037, 0.000664348
37.8, 0.929778, 0.000656568
37.9, 0.931479, 0.000648787
38, 0.933143, 0.000641007
38.1, 0.934769, 0.000634271
38.2, 0.936358, 0.000627534
38.3, 0.937911, 0.000620798
38.4, 0.939428, 0.000614062
38.5, 0.940911, 0.000607326
38.6, 0.942359, 0.000600589
38.7, 0.943775, 0.000593853
38.8, 0.945157, 0.000587117
38.9, 0.946508, 0.00058038
39, 0.947827, 0.000573644
39.1, 0.949115, 0.000567285
39.2, 0.950373, 0.000560926
39.3, 0.951602, 0.000554567
39.4, 0.952801, 0.000548208
39.5, 0.953973, 0.000541849
39.6, 0.955116, 0.00053549
39.7, 0.956233, 0.000529131
39.8, 0.957323, 0.000522772
39.9, 0.958387, 0.000516413
40, 0.959426, 0.000510054
40.1, 0.96044, 0.000504092
40.2, 0.961429, 0.00049813
40.3, 0.962395, 0.000492168
40.4, 0.963337, 0.000486206
40.5, 0.964257, 0.000480244
40.6, 0.965154, 0.000474282
40.7, 0.96603, 0.00046832
40.8, 0.966885, 0.000462358
40.9, 0.967718, 0.000456396
41, 0.968532, 0.000450434
41.1, 0.969325, 0.000446974
41.2, 0.970099, 0.000443514
41.3, 0.970855, 0.000440053
41.4, 0.971591, 0.000436593
41.5, 0.97231, 0.000433133
41.6, 0.973011, 0.000429673
41.7, 0.973695, 0.000426213
41.8, 0.974361, 0.000422752
41.9, 0.975012, 0.000419292
42, 0.975646, 0.000415832
42.1, 0.976264, 0.000411735
42.2, 0.976868, 0.000407639
42.3, 0.977456, 0.000403542
42.4, 0.97803, 0.000399445
42.5, 0.978589, 0.000395348
42.6, 0.979134, 0.000391252
42.7, 0.979666, 0.000387155
42.8, 0.980185, 0.000383058
42.9, 0.98069, 0.000378962
43, 0.981183, 0.000374865
43.1, 0.981664, 0.000371337
43.2, 0.982132, 0.000367808
43.3, 0.982589, 0.00036428
43.4, 0.983034, 0.000360751
43.5, 0.983468, 0.000357223
43.6, 0.983891, 0.000353695
43.7, 0.984304, 0.000350166
43.8, 0.984706, 0.000346638
43.9, 0.985098, 0.000343109
44, 0.98548, 0.000339581
44.1, 0.985852, 0.000337572
44.2, 0.986215, 0.000335563
44.3, 0.986569, 0.000333553
44.4, 0.986914, 0.000331544
44.5, 0.98725, 0.000329535
44.6, 0.987578, 0.000327526
44.7, 0.987897, 0.000325517
44.8, 0.988208, 0.000323507
44.9, 0.988511, 0.000321498
45, 0.988807, 0.000319489
45.1, 0.989095, 0.000318455
45.2, 0.989376, 0.000317421
45.3, 0.989649, 0.000316387
45.4, 0.989916, 0.000315353
45.5, 0.990175, 0.000314319
45.6, 0.990429, 0.000313284
45.7, 0.990675, 0.00031225
45.8, 0.990916, 0.000311216
45.9, 0.99115, 0.000310182
46, 0.991378, 0.000309148
46.1, 0.991601, 0.000306429
46.2, 0.991817, 0.00030371
46.3, 0.992029, 0.000300991
46.4, 0.992234, 0.000298272
46.5, 0.992435, 0.000295552
46.6, 0.99263, 0.000292833
46.7, 0.99282, 0.000290114
46.8, 0.993006, 0.000287395
46.9, 0.993187, 0.000284676
47, 0.993363, 0.000281957
47.1, 0.993534, 0.000282048
47.2, 0.993701, 0.000282139
47.3, 0.993864, 0.00028223
47.4, 0.994023, 0.000282321
47.5, 0.994178, 0.000282413
47.6, 0.994328, 0.000282504
47.7, 0.994475, 0.000282595
47.8, 0.994618, 0.000282686
47.9, 0.994757, 0.000282777
48, 0.994893, 0.000282868
48.1, 0.995025, 0.000282918
48.2, 0.995154, 0.000282967
48.3, 0.995279, 0.000283016
48.4, 0.995402, 0.000283066
48.5, 0.995521, 0.000283115
48.6, 0.995637, 0.000283165
48.7, 0.99575, 0.000283215
48.8, 0.99586, 0.000283264
48.9, 0.995967, 0.000283314
49, 0.996072, 0.000283363
49.1, 0.996173, 0.000283326
49.2, 0.996273, 0.000283289
49.3, 0.996369, 0.000283253
49.4, 0.996463, 0.000283216
49.5, 0.996555, 0.000283179
49.6, 0.996644, 0.000283142
49.7, 0.996731, 0.000283105
49.8, 0.996816, 0.000283069
49.9, 0.996899, 0.000283032
50, 0.996979, 0.000282995
50.1, 0.997058, 0.000282928
50.2, 0.997134, 0.000282861
50.3, 0.997208, 0.000282795
50.4, 0.997281, 0.000282728
50.5, 0.997351, 0.000282661
50.6, 0.99742, 0.000282594
50.7, 0.997487, 0.000282527
50.8, 0.997552, 0.000282461
50.9, 0.997616, 0.000282394
51, 0.997678, 0.000282327
51.1, 0.997738, 0.000283347
51.2, 0.997797, 0.000284366
51.3, 0.997854, 0.000285386
51.4, 0.997909, 0.000286405
51.5, 0.997964, 0.000287425
51.6, 0.998017, 0.000288444
51.7, 0.998068, 0.000289464
51.8, 0.998118, 0.000290483
51.9, 0.998167, 0.000291503
52, 0.998215, 0.000292522
52.1, 0.998261, 0.000291682
52.2, 0.998306, 0.000290841
52.3, 0.99835, 0.000290001
52.4, 0.998393, 0.00028916
52.5, 0.998435, 0.00028832
52.6, 0.998475, 0.00028748
52.7, 0.998515, 0.000286639
52.8, 0.998554, 0.000285799
52.9, 0.998591, 0.000284958
53, 0.998628, 0.000284118
53.1, 0.998663, 0.000284701
53.2, 0.998698, 0.000285283
53.3, 0.998732, 0.000285866
53.4, 0.998765, 0.000286449
53.5, 0.998797, 0.000287032
53.6, 0.998828, 0.000287614
53.7, 0.998859, 0.000288197
53.8, 0.998888, 0.00028878
53.9, 0.998917, 0.000289362
54, 0.998945, 0.000289945
54.1, 0.998973, 0.000290553
54.2, 0.999, 0.000291161
54.3, 0.999026, 0.000291769
54.4, 0.999051, 0.000292377
54.5, 0.999076, 0.000292984
54.6, 0.9991, 0.000293592
54.7, 0.999123, 0.0002942
54.8, 0.999146, 0.000294808
54.9, 0.999168, 0.000295416
55, 0.99919, 0.000296024
55.1, 0.999211, 0.000296657
55.2, 0.999231, 0.000297289
55.3, 0.999251, 0.000297922
55.4, 0.999271, 0.000298555
55.5, 0.99929, 0.000299187
55.6, 0.999308, 0.00029982
55.7, 0.999326, 0.000300453
55.8, 0.999344, 0.000301086
55.9, 0.999361, 0.000301718
56, 0.999377, 0.000302351
56.1, 0.999393, 0.000303532
56.2, 0.999409, 0.000304713
56.3, 0.999425, 0.000305894
56.4, 0.99944, 0.000307075
56.5, 0.999454, 0.000308257
56.6, 0.999468, 0.000309438
56.7, 0.999482, 0.000310619
56.8, 0.999496, 0.0003118
56.9, 0.999509, 0.000312981
57, 0.999522, 0.000314162
57.1, 0.999534, 0.000315679
57.2, 0.999546, 0.000317195
57.3, 0.999558, 0.000318712
57.4, 0.999569, 0.000320228
57.5, 0.999581, 0.000321745
57.6, 0.999591, 0.000323261
57.7, 0.999602, 0.000324778
57.8, 0.999612, 0.000326294
57.9, 0.999623, 0.000327811
58, 0.999632, 0.000329327
58.1, 0.999642, 0.000330194
58.2, 0.999651, 0.000331062
58.3, 0.99966, 0.000331929
58.4, 0.999669, 0.000332797
58.5, 0.999678, 0.000333664
58.6, 0.999686, 0.000334531
58.7, 0.999694, 0.000335399
58.8, 0.999702, 0.000336266
58.9, 0.99971, 0.000337134
59, 0.999718, 0.000338001
59.1, 0.999725, 0.000339075
59.2, 0.999732, 0.00034015
59.3, 0.999739, 0.000341224
59.4, 0.999746, 0.000342299
59.5, 0.999752, 0.000343373
59.6, 0.999759, 0.000344447
59.7, 0.999765, 0.000345522
59.8, 0.999771, 0.000346596
59.9, 0.999777, 0.000347671
60, 0.999783, 0.000348745
60.1, 0.999789, 0.000350017
60.2, 0.999794, 0.000351289
60.3, 0.999799, 0.000352561
60.4, 0.999805, 0.000353833
60.5, 0.99981, 0.000355105
60.6, 0.999815, 0.000356377
60.7, 0.99982, 0.000357649
60.8, 0.999824, 0.000358921
60.9, 0.999829, 0.000360193
61, 0.999833, 0.000361465
61.1, 0.999838, 0.000362366
61.2, 0.999842, 0.000363268
61.3, 0.999846, 0.000364169
61.4, 0.99985, 0.00036507
61.5, 0.999854, 0.000365972
61.6, 0.999858, 0.000366873
61.7, 0.999861, 0.000367774
61.8, 0.999865, 0.000368675
61.9, 0.999868, 0.000369577
62, 0.999872, 0.000370478
62.1, 0.999875, 0.000371106
62.2, 0.999878, 0.000371733
62.3, 0.999882, 0.000372361
62.4, 0.999885, 0.000372989
62.5, 0.999888, 0.000373617
62.6, 0.999891, 0.000374244
62.7, 0.999893, 0.000374872
62.8, 0.999896, 0.0003755
62.9, 0.999899, 0.000376127
63, 0.999902, 0.000376755
63.1, 0.999904, 0.00037699
63.2, 0.999907, 0.000377225
63.3, 0.999909, 0.00037746
63.4, 0.999911, 0.000377695
63.5, 0.999914, 0.000377931
63.6, 0.999916, 0.000378166
63.7, 0.999918, 0.000378401
63.8, 0.99992, 0.000378636
63.9, 0.999922, 0.000378871
64, 0.999924, 0.000379106
64.1, 0.999926, 0.000379303
64.2, 0.999928, 0.0003795
64.3, 0.99993, 0.000379698
64.4, 0.999932, 0.000379895
64.5, 0.999934, 0.000380092
64.6, 0.999935, 0.000380289
64.7, 0.999937, 0.000380486
64.8, 0.999939, 0.000380684
64.9, 0.99994, 0.000380881
65, 0.999942, 0.000381078
65.1, 0.999943, 0.000381259
65.2, 0.999945, 0.00038144
65.3, 0.999946, 0.00038162
65.4, 0.999948, 0.000381801
65.5, 0.999949, 0.000381982
65.6, 0.99995, 0.000382163
65.7, 0.999952, 0.000382344
65.8, 0.999953, 0.000382524
65.9, 0.999954, 0.000382705
66, 0.999955, 0.000382886
66.1, 0.999957, 0.000382704
66.2, 0.999958, 0.000382522
66.3, 0.999959, 0.00038234
66.4, 0.99996, 0.000382158
66.5, 0.999961, 0.000381977
66.6, 0.999962, 0.000381795
66.7, 0.999963, 0.000381613
66.8, 0.999964, 0.000381431
66.9, 0.999965, 0.000381249
67, 0.999966, 0.000381067
67.1, 0.999967, 0.000381154
67.2, 0.999967, 0.000381242
67.3, 0.999968, 0.000381329
67.4, 0.999969, 0.000381416
67.5, 0.99997, 0.000381504
67.6, 0.999971, 0.000381591
67.7, 0.999971, 0.000381678
67.8, 0.999972, 0.000381765
67.9, 0.999973, 0.000381853
68, 0.999974, 0.00038194
68.1, 0.999974, 0.000382784
68.2, 0.999975, 0.000383628
68.3, 0.999976, 0.000384473
68.4, 0.999976, 0.000385317
68.5, 0.999977, 0.000386161
68.6, 0.999978, 0.000387005
68.7, 0.999978, 0.000387849
68.8, 0.999979, 0.000388694
68.9, 0.999979, 0.000389538
69, 0.99998, 0.000390382
69.1, 0.99998, 0.000390399
69.2, 0.999981, 0.000390415
69.3, 0.999981, 0.000390432
69.4, 0.999982, 0.000390448
69.5, 0.999982, 0.000390465
69.6, 0.999983, 0.000390481
69.7, 0.999983, 0.000390498
69.8, 0.999984, 0.000390514
69.9, 0.999984, 0.000390531
70, 0.999984, 0.000390547
70.1, 0.999985, 0.000390991
70.2, 0.999985, 0.000391435
70.3, 0.999986, 0.000391879
70.4, 0.999986, 0.000392323
70.5, 0.999986, 0.000392767
70.6, 0.999987, 0.000393212
70.7, 0.999987, 0.000393656
70.8, 0.999987, 0.0003941
70.9, 0.999988, 0.000394544
71, 0.999988, 0.000394988
71.1, 0.999988, 0.000396004
71.2, 0.999989, 0.00039702
71.3, 0.999989, 0.000398035
71.4, 0.999989, 0.000399051
71.5, 0.99999, 0.000400067
71.6, 0.99999, 0.000401083
71.7, 0.99999, 0.000402099
71.8, 0.99999, 0.000403114
71.9, 0.999991, 0.00040413
72, 0.999991, 0.000405146
72.1, 0.999991, 0.000406156
72.2, 0.999991, 0.000407166
72.3, 0.999992, 0.000408177
72.4, 0.999992, 0.000409187
72.5, 0.999992, 0.000410197
72.6, 0.999992, 0.000411207
72.7, 0.999992, 0.000412217
72.8, 0.999993, 0.000413228
72.9, 0.999993, 0.000414238
73, 0.999993, 0.000415248
73.1, 0.999993, 0.000415928
73.2, 0.999993, 0.000416608
73.3, 0.999993, 0.000417289
73.4, 0.999994, 0.000417969
73.5, 0.999994, 0.000418649
73.6, 0.999994, 0.000419329
73.7, 0.999994, 0.000420009
73.8, 0.999994, 0.00042069
73.9, 0.999994, 0.00042137
74, 0.999995, 0.00042205
74.1, 0.999995, 0.000423291
74.2, 0.999995, 0.000424532
74.3, 0.999995, 0.000425773
74.4, 0.999995, 0.000427014
74.5, 0.999995, 0.000428256
74.6, 0.999995, 0.000429497
74.7, 0.999995, 0.000430738
74.8, 0.999996, 0.000431979
74.9, 0.999996, 0.00043322
75, 0.999996, 0.000434461
75.1, 0.999996, 0.000434986
75.2, 0.999996, 0.00043551
75.3, 0.999996, 0.000436035
75.4, 0.999996, 0.00043656
75.5, 0.999996, 0.000437085
75.6, 0.999996, 0.000437609
75.7, 0.999997, 0.000438134
75.8, 0.999997, 0.000438659
75.9, 0.999997, 0.000439183
76, 0.999997, 0.000439708
76.1, 0.999997, 0.000439665
76.2, 0.999997, 0.000439623
76.3, 0.999997, 0.00043958
76.4, 0.999997, 0.000439538
76.5, 0.999997, 0.000439495
76.6, 0.999997, 0.000439452
76.7, 0.999997, 0.00043941
76.8, 0.999997, 0.000439367
76.9, 0.999997, 0.000439325
77, 0.999998, 0.000439282
77.1, 0.999998, 0.00043967
77.2, 0.999998, 0.000440059
77.3, 0.999998, 0.000440447
77.4, 0.999998, 0.000440836
77.5, 0.999998, 0.000441224
77.6, 0.999998, 0.000441612
77.7, 0.999998, 0.000442001
77.8, 0.999998, 0.000442389
77.9, 0.999998, 0.000442778
78, 0.999998, 0.000443166
78.1, 0.999998, 0.000443157
78.2, 0.999998, 0.000443148
78.3, 0.999998, 0.000443138
78.4, 0.999998, 0.000443129
78.5, 0.999998, 0.00044312
78.6, 0.999998, 0.000443111
78.7, 0.999998, 0.000443102
78.8, 0.999998, 0.000443092
78.9, 0.999999, 0.000443083
79, 0.999999, 0.000443074
79.1, 0.999999, 0.000443173
79.2, 0.999999, 0.000443272
79.3, 0.999999, 0.000443371
79.4, 0.999999, 0.00044347
79.5, 0.999999, 0.000443569
79.6, 0.999999, 0.000443668
79.7, 0.999999, 0.000443767
79.8, 0.999999, 0.000443866
79.9, 0.999999, 0.000443965
80, 0.999999, 0.000444064
80.1, 0.999999, 0.000444131
80.2, 0.999999, 0.000444198
80.3, 0.999999, 0.000444264
80.4, 0.999999, 0.000444331
80.5, 0.999999, 0.000444398
80.6, 0.999999, 0.000444465
80.7, 0.999999, 0.000444532
80.8, 0.999999, 0.000444598
80.9, 0.999999, 0.000444665
81, 0.999999, 0.000444732
81.1, 0.999999, 0.000444783
81.2, 0.999999, 0.000444835
81.3, 0.999999, 0.000444886
81.4, 0.999999, 0.000444938
81.5, 0.999999, 0.000444989
81.6, 0.999999, 0.00044504
81.7, 0.999999, 0.000445092
81.8, 0.999999, 0.000445143
81.9, 0.999999, 0.000445195
82, 0.999999, 0.000445246
82.1, 0.999999, 0.000445545
82.2, 0.999999, 0.000445845
82.3, 0.999999, 0.000446144
82.4, 0.999999, 0.000446443
82.5, 0.999999, 0.000446743
82.6, 0.999999, 0.000447042
82.7, 0.999999, 0.000447341
82.8, 0.999999, 0.00044764
82.9, 0.999999, 0.00044794
83, 0.999999, 0.000448239
83.1, 1, 0.000448746
83.2, 1, 0.000449253
83.3, 1, 0.000449761
83.4, 1, 0.000450268
83.5, 1, 0.000450775
83.6, 1, 0.000451282
83.7, 1, 0.000451789
83.8, 1, 0.000452297
83.9, 1, 0.000452804
84, 1, 0.000453311
84.1, 1, 0.000453799
84.2, 1, 0.000454287
84.3, 1, 0.000454775
84.4, 1, 0.000455263
84.5, 1, 0.000455751
84.6, 1, 0.000456239
84.7, 1, 0.000456727
84.8, 1, 0.000457215
84.9, 1, 0.000457703
85, 1, 0.000458191
85.1, 1, 0.000458927
85.2, 1, 0.000459664
85.3, 1, 0.000460401
85.4, 1, 0.000461137
85.5, 1, 0.000461874
85.6, 1, 0.00046261
85.7, 1, 0.000463347
85.8, 1, 0.000464083
85.9, 1, 0.00046482
86, 1, 0.000465556
86.1, 1, 0.000466107
86.2, 1, 0.000466659
86.3, 1, 0.00046721
86.4, 1, 0.000467762
86.5, 1, 0.000468313
86.6, 1, 0.000468864
86.7, 1, 0.000469416
86.8, 1, 0.000469967
86.9, 1, 0.000470519
87, 1, 0.00047107
87.1, 1, 0.000471506
87.2, 1, 0.000471942
87.3, 1, 0.000472378
87.4, 1, 0.000472814
87.5, 1, 0.00047325
87.6, 1, 0.000473685
87.7, 1, 0.000474121
87.8, 1, 0.000474557
87.9, 1, 0.000474993
88, 1, 0.000475429
88.1, 1, 0.000475697
88.2, 1, 0.000475965
88.3, 1, 0.000476232
88.4, 1, 0.0004765
88.5, 1, 0.000476768
88.6, 1, 0.000477036
88.7, 1, 0.000477304
88.8, 1, 0.000477571
88.9, 1, 0.000477839
89, 1, 0.000478107
89.1, 1, 0.000478097
89.2, 1, 0.000478087
89.3, 1, 0.000478078
89.4, 1, 0.000478068
89.5, 1, 0.000478058
89.6, 1, 0.000478048
89.7, 1, 0.000478038
89.8, 1, 0.000478029
89.9, 1, 0.000478019
90, 1, 0.000478009
90.1, 1, 0.000478112
90.2, 1, 0.000478215
90.3, 1, 0.000478317
90.4, 1, 0.00047842
90.5, 1, 0.000478523
90.6, 1, 0.000478626
90.7, 1, 0.000478729
90.8, 1, 0.000478831
90.9, 1, 0.000478934
91, 1, 0.000479037
91.1, 1, 0.000479305
91.2, 1, 0.000479572
91.3, 1, 0.00047984
91.4, 1, 0.000480108
91.5, 1, 0.000480376
91.6, 1, 0.000480643
91.7, 1, 0.000480911
91.8, 1, 0.000481179
91.9, 1, 0.000481446
92, 1, 0.000481714
92.1, 1, 0.000481755
92.2, 1, 0.000481795
92.3, 1, 0.000481836
92.4, 1, 0.000481876
92.5, 1, 0.000481917
92.6, 1, 0.000481957
92.7, 1, 0.000481998
92.8, 1, 0.000482038
92.9, 1, 0.000482079
93, 1, 0.000482119
93.1, 1, 0.000482206
93.2, 1, 0.000482293
93.3, 1, 0.000482379
93.4, 1, 0.000482466
93.5, 1, 0.000482553
93.6, 1, 0.00048264
93.7, 1, 0.000482727
93.8, 1, 0.000482813
93.9, 1, 0.0004829
94, 1, 0.000482987
94.1, 1, 0.000483052
94.2, 1, 0.000483117
94.3, 1, 0.000483182
94.4, 1, 0.000483247
94.5, 1, 0.000483312
94.6, 1, 0.000483376
94.7, 1, 0.000483441
94.8, 1, 0.000483506
94.9, 1, 0.000483571
95, 1, 0.000483636
95.1, 1, 0.000483845
95.2, 1, 0.000484054
95.3, 1, 0.000484263
95.4, 1, 0.000484472
95.5, 1, 0.000484681
95.6, 1, 0.00048489
95.7, 1, 0.000485099
95.8, 1, 0.000485308
95.9, 1, 0.000485517
96, 1, 0.000485726
96.1, 1, 0.00048624
96.2, 1, 0.000486755
96.3, 1, 0.000487269
96.4, 1, 0.000487784
96.5, 1, 0.000488298
96.6, 1, 0.000488812
96.7, 1, 0.000489327
96.8, 1, 0.000489841
96.9, 1, 0.000490356
97, 1, 0.00049087
97.1, 1, 0.00049129
97.2, 1, 0.000491711
97.3, 1, 0.000492131
97.4, 1, 0.000492552
97.5, 1, 0.000492972
97.6, 1, 0.000493392
97.7, 1, 0.000493813
97.8, 1, 0.000494233
97.9, 1, 0.000494654
98, 1, 0.000495074
98.1, 1, 0.000495396
98.2, 1, 0.000495718
98.3, 1, 0.000496041
98.4, 1, 0.000496363
98.5, 1, 0.000496685
98.6, 1, 0.000497007
98.7, 1, 0.000497329
98.8, 1, 0.000497652
98.9, 1, 0.000497974
99, 1, 0.000498296
99.1, 1, 0.000498734
99.2, 1, 0.000499171
99.3, 1, 0.000499609
99.4, 1, 0.000500046
99.5, 1, 0.000500484
99.6, 1, 0.000500921
99.7, 1, 0.000501358
99.8, 1, 0.000501796
99.9, 1, 0.000502234
100, 1, 0.000502671
100.1, 1, 0.000502891
100.2, 1, 0.00050311
100.3, 1, 0.00050333
100.4, 1, 0.000503549
100.5, 1, 0.000503768
100.6, 1, 0.000503988
100.7, 1, 0.000504207
100.8, 1, 0.000504427
100.9, 1, 0.000504646
101, 1, 0.000504866
101.1, 1, 0.000505106
101.2, 1, 0.000505346
101.3, 1, 0.000505585
101.4, 1, 0.000505825
101.5, 1, 0.000506065
101.6, 1, 0.000506305
101.7, 1, 0.000506545
101.8, 1, 0.000506784
101.9, 1, 0.000507024
102, 1, 0.000507264
102.1, 1, 0.000507319
102.2, 1, 0.000507374
102.3, 1, 0.000507429
102.4, 1, 0.000507484
102.5, 1, 0.000507539
102.6, 1, 0.000507594
102.7, 1, 0.000507649
102.8, 1, 0.000507704
102.9, 1, 0.000507759
103, 1, 0.000507814
103.1, 1, 0.000508189
103.2, 1, 0.000508564
103.3, 1, 0.00050894
103.4, 1, 0.000509315
103.5, 1, 0.00050969
103.6, 1, 0.000510065
103.7, 1, 0.00051044
103.8, 1, 0.000510816
103.9, 1, 0.000511191
104, 1, 0.000511566
104.1, 1, 0.000511841
104.2, 1, 0.000512117
104.3, 1, 0.000512392
104.4, 1, 0.000512667
104.5, 1, 0.000512943
104.6, 1, 0.000513218
104.7, 1, 0.000513493
104.8, 1, 0.000513768
104.9, 1, 0.000514044
105, 1, 0.000514319
105.1, 1, 0.000515365
105.2, 1, 0.000516411
105.3, 1, 0.000517457
105.4, 1, 0.000518503
105.5, 1, 0.000519549
105.6, 1, 0.000520595
105.7, 1, 0.000521641
105.8, 1, 0.000522687
105.9, 1, 0.000523733
106, 1, 0.000524779
106.1, 1, 0.000524736
106.2, 1, 0.000524694
106.3, 1, 0.000524651
106.4, 1, 0.000524609
106.5, 1, 0.000524566
106.6, 1, 0.000524523
106.7, 1, 0.000524481
106.8, 1, 0.000524438
106.9, 1, 0.000524396
107, 1, 0.000524353
107.1, 1, 0.000524421
107.2, 1, 0.000524488
107.3, 1, 0.000524556
107.4, 1, 0.000524623
107.5, 1, 0.000524691
107.6, 1, 0.000524759
107.7, 1, 0.000524826
107.8, 1, 0.000524894
107.9, 1, 0.000524961
108, 1, 0.000525029
108.1, 1, 0.000525076
108.2, 1, 0.000525123
108.3, 1, 0.000525171
108.4, 1, 0.000525218
108.5, 1, 0.000525265
108.6, 1, 0.000525312
108.7, 1, 0.000525359
108.8, 1, 0.000525407
108.9, 1, 0.000525454
109, 1, 0.000525501
109.1, 1, 0.000525978
109.2, 1, 0.000526455
109.3, 1, 0.000526931
109.4, 1, 0.000527408
109.5, 1, 0.000527885
109.6, 1, 0.000528362
109.7, 1, 0.000528839
109.8, 1, 0.000529315
109.9, 1, 0.000529792
110, 1, 0.000530269
110.1, 1, 0.000529511
110.2, 1, 0.000528752
110.3, 1, 0.000527994
110.4, 1, 0.000527236
110.5, 1, 0.000526477
110.6, 1, 0.000525719
110.7, 1, 0.000524961
110.8, 1, 0.000524203
110.9, 1, 0.000523444
111, 1, 0.000522686
111.1, 1, 0.000522719
111.2, 1, 0.000522753
111.3, 1, 0.000522786
111.4, 1, 0.000522819
111.5, 1, 0.000522853
111.6, 1, 0.000522886
111.7, 1, 0.000522919
111.8, 1, 0.000522952
111.9, 1, 0.000522986
112, 1, 0.000523019
112.1, 1, 0.000523272
112.2, 1, 0.000523525
112.3, 1, 0.000523778
112.4, 1, 0.000524031
112.5, 1, 0.000524285
112.6, 1, 0.000524538
112.7, 1, 0.000524791
112.8, 1, 0.000525044
112.9, 1, 0.000525297
113, 1, 0.00052555
113.1, 1, 0.000525733
113.2, 1, 0.000525917
113.3, 1, 0.0005261
113.4, 1, 0.000526283
113.5, 1, 0.000526467
113.6, 1, 0.00052665
113.7, 1, 0.000526833
113.8, 1, 0.000527016
113.9, 1, 0.0005272
114, 1, 0.000527383
114.1, 1, 0.000527496
114.2, 1, 0.000527608
114.3, 1, 0.000527721
114.4, 1, 0.000527833
114.5, 1, 0.000527946
114.6, 1, 0.000528059
114.7, 1, 0.000528171
114.8, 1, 0.000528284
114.9, 1, 0.000528396
115, 1, 0.000528509
115.1, 1, 0.000528299
115.2, 1, 0.000528089
115.3, 1, 0.000527879
115.4, 1, 0.000527669
115.5, 1, 0.000527459
115.6, 1, 0.000527249
115.7, 1, 0.000527039
115.8, 1, 0.000526829
115.9, 1, 0.000526619
116, 1, 0.000526409
116.1, 1, 0.000526598
116.2, 1, 0.000526788
116.3, 1, 0.000526977
116.4, 1, 0.000527166
116.5, 1, 0.000527356
116.6, 1, 0.000527545
116.7, 1, 0.000527734
116.8, 1, 0.000527923
116.9, 1, 0.000528113
117, 1, 0.000528302
117.1, 1, 0.00052832
117.2, 1, 0.000528338
117.3, 1, 0.000528357
117.4, 1, 0.000528375
117.5, 1, 0.000528393
117.6, 1, 0.000528411
117.7, 1, 0.000528429
117.8, 1, 0.000528448
117.9, 1, 0.000528466
118, 1, 0.000528484
118.1, 1, 0.000528522
118.2, 1, 0.00052856
118.3, 1, 0.000528598
118.4, 1, 0.000528636
118.5, 1, 0.000528674
118.6, 1, 0.000528713
118.7, 1, 0.000528751
118.8, 1, 0.000528789
118.9, 1, 0.000528827
119, 1, 0.000528865
119.1, 1, 0.000528603
119.2, 1, 0.00052834
119.3, 1, 0.000528078
119.4, 1, 0.000527815
119.5, 1, 0.000527553
119.6, 1, 0.000527291
119.7, 1, 0.000527028
119.8, 1, 0.000526766
119.9, 1, 0.000526503
120, 1, 0.000526241
120.1, 1, 0.00052686
120.2, 1, 0.000527478
120.3, 1, 0.000528097
120.4, 1, 0.000528715
120.5, 1, 0.000529334
120.6, 1, 0.000529953
120.7, 1, 0.000530571
120.8, 1, 0.00053119
120.9, 1, 0.000531808
121, 1, 0.000532427
121.1, 1, 0.000532679
121.2, 1, 0.000532931
121.3, 1, 0.000533182
121.4, 1, 0.000533434
121.5, 1, 0.000533686
121.6, 1, 0.000533938
121.7, 1, 0.00053419
121.8, 1, 0.000534441
121.9, 1, 0.000534693
122, 1, 0.000534945
122.1, 1, 0.000535001
122.2, 1, 0.000535056
122.3, 1, 0.000535111
122.4, 1, 0.000535167
122.5, 1, 0.000535223
122.6, 1, 0.000535278
122.7, 1, 0.000535333
122.8, 1, 0.000535389
122.9, 1, 0.000535445
123, 1, 0.0005355
123.1, 1, 0.000535288
123.2, 1, 0.000535076
123.3, 1, 0.000534864
123.4, 1, 0.000534652
123.5, 1, 0.00053444
123.6, 1, 0.000534228
123.7, 1, 0.000534016
123.8, 1, 0.000533804
123.9, 1, 0.000533592
124, 1, 0.00053338
124.1, 1, 0.000533182
124.2, 1, 0.000532983
124.3, 1, 0.000532785
124.4, 1, 0.000532586
124.5, 1, 0.000532388
124.6, 1, 0.000532189
124.7, 1, 0.000531991
124.8, 1, 0.000531792
124.9, 1, 0.000531594
125, 1, 0.000531395
125.1, 1, 0.000531162
125.2, 1, 0.000530928
125.3, 1, 0.000530695
125.4, 1, 0.000530462
125.5, 1, 0.000530228
125.6, 1, 0.000529995
125.7, 1, 0.000529762
125.8, 1, 0.000529529
125.9, 1, 0.000529295
126, 1, 0.000529062
126.1, 1, 0.000528601
126.2, 1, 0.000528139
126.3, 1, 0.000527678
126.4, 1, 0.000527217
126.5, 1, 0.000526756
126.6, 1, 0.000526294
126.7, 1, 0.000525833
126.8, 1, 0.000525372
126.9, 1, 0.00052491
127, 1, 0.000524449
127.1, 1, 0.000523872
127.2, 1, 0.000523296
127.3, 1, 0.000522719
127.4, 1, 0.000522142
127.5, 1, 0.000521566
127.6, 1, 0.000520989
127.7, 1, 0.000520412
127.8, 1, 0.000519835
127.9, 1, 0.000519259
128, 1, 0.000518682
128.1, 1, 0.00051864
128.2, 1, 0.000518599
128.3, 1, 0.000518557
128.4, 1, 0.000518516
128.5, 1, 0.000518474
128.6, 1, 0.000518432
128.7, 1, 0.000518391
128.8, 1, 0.000518349
128.9, 1, 0.000518308
129, 1, 0.000518266
129.1, 1, 0.000517943
129.2, 1, 0.000517619
129.3, 1, 0.000517296
129.4, 1, 0.000516973
129.5, 1, 0.00051665
129.6, 1, 0.000516326
129.7, 1, 0.000516003
129.8, 1, 0.00051568
129.9, 1, 0.000515356
130, 1, 0.000515033
130.1, 1, 0.000514652
130.2, 1, 0.00051427
130.3, 1, 0.000513889
130.4, 1, 0.000513507
130.5, 1, 0.000513126
130.6, 1, 0.000512744
130.7, 1, 0.000512362
130.8, 1, 0.000511981
130.9, 1, 0.0005116
131, 1, 0.000511218
131.1, 1, 0.000511405
131.2, 1, 0.000511593
131.3, 1, 0.00051178
131.4, 1, 0.000511967
131.5, 1, 0.000512155
131.6, 1, 0.000512342
131.7, 1, 0.000512529
131.8, 1, 0.000512716
131.9, 1, 0.000512904
132, 1, 0.000513091
132.1, 1, 0.000513156
132.2, 1, 0.000513221
132.3, 1, 0.000513286
132.4, 1, 0.000513351
132.5, 1, 0.000513416
132.6, 1, 0.000513481
132.7, 1, 0.000513546
132.8, 1, 0.000513611
132.9, 1, 0.000513676
133, 1, 0.000513741
133.1, 1, 0.000513685
133.2, 1, 0.000513629
133.3, 1, 0.000513573
133.4, 1, 0.000513517
133.5, 1, 0.000513461
133.6, 1, 0.000513405
133.7, 1, 0.000513349
133.8, 1, 0.000513293
133.9, 1, 0.000513237
134, 1, 0.000513181
134.1, 1, 0.000513419
134.2, 1, 0.000513657
134.3, 1, 0.000513894
134.4, 1, 0.000514132
134.5, 1, 0.00051437
134.6, 1, 0.000514608
134.7, 1, 0.000514846
134.8, 1, 0.000515083
134.9, 1, 0.000515321
135, 1, 0.000515559
135.1, 1, 0.000515797
135.2, 1, 0.000516035
135.3, 1, 0.000516274
135.4, 1, 0.000516512
135.5, 1, 0.00051675
135.6, 1, 0.000516988
135.7, 1, 0.000517226
135.8, 1, 0.000517465
135.9, 1, 0.000517703
136, 1, 0.000517941
136.1, 1, 0.000517974
136.2, 1, 0.000518007
136.3, 1, 0.00051804
136.4, 1, 0.000518073
136.5, 1, 0.000518107
136.6, 1, 0.00051814
136.7, 1, 0.000518173
136.8, 1, 0.000518206
136.9, 1, 0.000518239
137, 1, 0.000518272
137.1, 1, 0.000519111
137.2, 1, 0.00051995
137.3, 1, 0.000520789
137.4, 1, 0.000521628
137.5, 1, 0.000522467
137.6, 1, 0.000523305
137.7, 1, 0.000524144
137.8, 1, 0.000524983
137.9, 1, 0.000525822
138, 1, 0.000526661
138.1, 1, 0.000527174
138.2, 1, 0.000527687
138.3, 1, 0.0005282
138.4, 1, 0.000528713
138.5, 1, 0.000529225
138.6, 1, 0.000529738
138.7, 1, 0.000530251
138.8, 1, 0.000530764
138.9, 1, 0.000531277
139, 1, 0.00053179
139.1, 1, 0.000532255
139.2, 1, 0.00053272
139.3, 1, 0.000533186
139.4, 1, 0.000533651
139.5, 1, 0.000534116
139.6, 1, 0.000534581
139.7, 1, 0.000535046
139.8, 1, 0.000535512
139.9, 1, 0.000535977
140, 1, 0.000536442
140.1, 1, 0.000536616
140.2, 1, 0.00053679
140.3, 1, 0.000536964
140.4, 1, 0.000537138
140.5, 1, 0.000537313
140.6, 1, 0.000537487
140.7, 1, 0.000537661
140.8, 1, 0.000537835
140.9, 1, 0.000538009
141, 1, 0.000538183
141.1, 1, 0.000538034
141.2, 1, 0.000537885
141.3, 1, 0.000537736
141.4, 1, 0.000537587
141.5, 1, 0.000537438
141.6, 1, 0.000537288
141.7, 1, 0.000537139
141.8, 1, 0.00053699
141.9, 1, 0.000536841
142, 1, 0.000536692
142.1, 1, 0.000536108
142.2, 1, 0.000535524
142.3, 1, 0.00053494
142.4, 1, 0.000534356
142.5, 1, 0.000533772
142.6, 1, 0.000533187
142.7, 1, 0.000532603
142.8, 1, 0.000532019
142.9, 1, 0.000531435
143, 1, 0.000530851
143.1, 1, 0.000530599
143.2, 1, 0.000530347
143.3, 1, 0.000530094
143.4, 1, 0.000529842
143.5, 1, 0.00052959
143.6, 1, 0.000529338
143.7, 1, 0.000529086
143.8, 1, 0.000528833
143.9, 1, 0.000528581
144, 1, 0.000528329
144.1, 1, 0.000527972
144.2, 1, 0.000527616
144.3, 1, 0.00052726
144.4, 1, 0.000526903
144.5, 1, 0.000526546
144.6, 1, 0.00052619
144.7, 1, 0.000525833
144.8, 1, 0.000525477
144.9, 1, 0.00052512
145, 1, 0.000524764
145.1, 1, 0.00052466
145.2, 1, 0.000524557
145.3, 1, 0.000524453
145.4, 1, 0.000524349
145.5, 1, 0.000524245
145.6, 1, 0.000524142
145.7, 1, 0.000524038
145.8, 1, 0.000523934
145.9, 1, 0.000523831
146, 1, 0.000523727
146.1, 1, 0.000523255
146.2, 1, 0.000522782
146.3, 1, 0.00052231
146.4, 1, 0.000521838
146.5, 1, 0.000521365
146.6, 1, 0.000520893
146.7, 1, 0.000520421
146.8, 1, 0.000519949
146.9, 1, 0.000519476
147, 1, 0.000519004
147.1, 1, 0.000518694
147.2, 1, 0.000518383
147.3, 1, 0.000518073
147.4, 1, 0.000517762
147.5, 1, 0.000517452
147.6, 1, 0.000517142
147.7, 1, 0.000516831
147.8, 1, 0.000516521
147.9, 1, 0.00051621
148, 1, 0.0005159
148.1, 1, 0.000516428
148.2, 1, 0.000516956
148.3, 1, 0.000517484
148.4, 1, 0.000518012
148.5, 1, 0.00051854
148.6, 1, 0.000519067
148.7, 1, 0.000519595
148.8, 1, 0.000520123
148.9, 1, 0.000520651
149, 1, 0.000521179
149.1, 1, 0.000521662
149.2, 1, 0.000522145
149.3, 1, 0.000522628
149.4, 1, 0.000523111
149.5, 1, 0.000523593
149.6, 1, 0.000524076
149.7, 1, 0.000524559
149.8, 1, 0.000525042
149.9, 1, 0.000525525
150, 1, 0.000526008
150.1, 1, 0.000526765
150.2, 1, 0.000527523
150.3, 1, 0.00052828
150.4, 1, 0.000529038
150.5, 1, 0.000529795
150.6, 1, 0.000530552
150.7, 1, 0.00053131
150.8, 1, 0.000532067
150.9, 1, 0.000532825
151, 1, 0.000533582
151.1, 1, 0.000534644
151.2, 1, 0.000535707
151.3, 1, 0.000536769
151.4, 1, 0.000537831
151.5, 1, 0.000538894
151.6, 1, 0.000539956
151.7, 1, 0.000541018
151.8, 1, 0.00054208
151.9, 1, 0.000543143
152, 1, 0.000544205
152.1, 1, 0.00054402
152.2, 1, 0.000543835
152.3, 1, 0.00054365
152.4, 1, 0.000543465
152.5, 1, 0.00054328
152.6, 1, 0.000543095
152.7, 1, 0.00054291
152.8, 1, 0.000542725
152.9, 1, 0.00054254
153, 1, 0.000542355
153.1, 1, 0.000542067
153.2, 1, 0.00054178
153.3, 1, 0.000541493
153.4, 1, 0.000541205
153.5, 1, 0.000540918
153.6, 1, 0.00054063
153.7, 1, 0.000540343
153.8, 1, 0.000540055
153.9, 1, 0.000539768
154, 1, 0.00053948
154.1, 1, 0.000540022
154.2, 1, 0.000540564
154.3, 1, 0.000541106
154.4, 1, 0.000541648
154.5, 1, 0.000542191
154.6, 1, 0.000542733
154.7, 1, 0.000543275
154.8, 1, 0.000543817
154.9, 1, 0.000544359
155, 1, 0.000544901
155.1, 1, 0.00054451
155.2, 1, 0.000544119
155.3, 1, 0.000543729
155.4, 1, 0.000543338
155.5, 1, 0.000542947
155.6, 1, 0.000542556
155.7, 1, 0.000542165
155.8, 1, 0.000541775
155.9, 1, 0.000541384
156, 1, 0.000540993
156.1, 1, 0.000540454
156.2, 1, 0.000539915
156.3, 1, 0.000539375
156.4, 1, 0.000538836
156.5, 1, 0.000538297
156.6, 1, 0.000537758
156.7, 1, 0.000537219
156.8, 1, 0.000536679
156.9, 1, 0.00053614
157, 1, 0.000535601
157.1, 1, 0.000535888
157.2, 1, 0.000536175
157.3, 1, 0.000536463
157.4, 1, 0.00053675
157.5, 1, 0.000537037
157.6, 1, 0.000537324
157.7, 1, 0.000537611
157.8, 1, 0.000537899
157.9, 1, 0.000538186
158, 1, 0.000538473
158.1, 1, 0.000538137
158.2, 1, 0.0005378
158.3, 1, 0.000537464
158.4, 1, 0.000537128
158.5, 1, 0.000536791
158.6, 1, 0.000536455
158.7, 1, 0.000536119
158.8, 1, 0.000535783
158.9, 1, 0.000535446
159, 1, 0.00053511
159.1, 1, 0.000534523
159.2, 1, 0.000533935
159.3, 1, 0.000533348
159.4, 1, 0.000532761
159.5, 1, 0.000532174
159.6, 1, 0.000531586
159.7, 1, 0.000530999
159.8, 1, 0.000530412
159.9, 1, 0.000529824
160, 1, 0.000529237
160.1, 1, 0.000529089
160.2, 1, 0.000528942
160.3, 1, 0.000528794
160.4, 1, 0.000528646
160.5, 1, 0.000528499
160.6, 1, 0.000528351
160.7, 1, 0.000528203
160.8, 1, 0.000528055
160.9, 1, 0.000527908
161, 1, 0.00052776
161.1, 1, 0.000528237
161.2, 1, 0.000528713
161.3, 1, 0.00052919
161.4, 1, 0.000529666
161.5, 1, 0.000530143
161.6, 1, 0.00053062
161.7, 1, 0.000531096
161.8, 1, 0.000531573
161.9, 1, 0.000532049
162, 1, 0.000532526
162.1, 1, 0.000533038
162.2, 1, 0.00053355
162.3, 1, 0.000534062
162.4, 1, 0.000534574
162.5, 1, 0.000535086
162.6, 1, 0.000535598
162.7, 1, 0.00053611
162.8, 1, 0.000536622
162.9, 1, 0.000537134
163, 1, 0.000537646
163.1, 1, 0.000538005
163.2, 1, 0.000538363
163.3, 1, 0.000538722
163.4, 1, 0.00053908
163.5, 1, 0.000539439
163.6, 1, 0.000539798
163.7, 1, 0.000540156
163.8, 1, 0.000540515
163.9, 1, 0.000540873
164, 1, 0.000541232
164.1, 1, 0.000541044
164.2, 1, 0.000540856
164.3, 1, 0.000540667
164.4, 1, 0.000540479
164.5, 1, 0.000540291
164.6, 1, 0.000540103
164.7, 1, 0.000539915
164.8, 1, 0.000539726
164.9, 1, 0.000539538
165, 1, 0.00053935
165.1, 1, 0.000538807
165.2, 1, 0.000538264
165.3, 1, 0.00053772
165.4, 1, 0.000537177
165.5, 1, 0.000536634
165.6, 1, 0.000536091
165.7, 1, 0.000535548
165.8, 1, 0.000535004
165.9, 1, 0.000534461
166, 1, 0.000533918
166.1, 1, 0.000533905
166.2, 1, 0.000533893
166.3, 1, 0.00053388
166.4, 1, 0.000533867
166.5, 1, 0.000533855
166.6, 1, 0.000533842
166.7, 1, 0.000533829
166.8, 1, 0.000533816
166.9, 1, 0.000533804
167, 0.999999, 0.000533791
167.1, 0.999999, 0.000533486
167.2, 0.999999, 0.000533181
167.3, 0.999999, 0.000532877
167.4, 0.999999, 0.000532572
167.5, 0.999999, 0.000532267
167.6, 0.999999, 0.000531962
167.7, 0.999999, 0.000531657
167.8, 0.999999, 0.000531353
167.9, 0.999999, 0.000531048
168, 0.999999, 0.000530743
168.1, 0.999999, 0.000530166
168.2, 0.999999, 0.00052959
168.3, 0.999999, 0.000529013
168.4, 0.999999, 0.000528437
168.5, 0.999999, 0.00052786
168.6, 0.999999, 0.000527283
168.7, 0.999999, 0.000526707
168.8, 0.999999, 0.00052613
168.9, 0.999999, 0.000525554
169, 0.999999, 0.000524977
169.1, 0.999999, 0.000524357
169.2, 0.999999, 0.000523738
169.3, 0.999999, 0.000523118
169.4, 0.999999, 0.000522498
169.5, 0.999999, 0.000521879
169.6, 0.999999, 0.000521259
169.7, 0.999999, 0.000520639
169.8, 0.999999, 0.000520019
169.9, 0.999999, 0.0005194
170, 0.999999, 0.00051878
170.1, 0.999999, 0.000518603
170.2, 0.999999, 0.000518426
170.3, 0.999999, 0.000518249
170.4, 0.999999, 0.000518072
170.5, 0.999999, 0.000517895
170.6, 0.999999, 0.000517718
170.7, 0.999999, 0.000517541
170.8, 0.999999, 0.000517364
170.9, 0.999999, 0.000517187
171, 0.999999, 0.00051701
171.1, 0.999999, 0.000516063
171.2, 0.999998, 0.000515116
171.3, 0.999998, 0.000514169
171.4, 0.999998, 0.000513222
171.5, 0.999998, 0.000512276
171.6, 0.999998, 0.000511329
171.7, 0.999998, 0.000510382
171.8, 0.999998, 0.000509435
171.9, 0.999998, 0.000508488
172, 0.999998, 0.000507541
172.1, 0.999998, 0.000507323
172.2, 0.999998, 0.000507105
172.3, 0.999998, 0.000506886
172.4, 0.999998, 0.000506668
172.5, 0.999998, 0.00050645
172.6, 0.999998, 0.000506232
172.7, 0.999998, 0.000506014
172.8, 0.999998, 0.000505795
172.9, 0.999998, 0.000505577
173, 0.999998, 0.000505359
173.1, 0.999997, 0.000505332
173.2, 0.999997, 0.000505305
173.3, 0.999997, 0.000505278
173.4, 0.999997, 0.000505251
173.5, 0.999997, 0.000505225
173.6, 0.999997, 0.000505198
173.7, 0.999997, 0.000505171
173.8, 0.999997, 0.000505144
173.9, 0.999997, 0.000505117
174, 0.999997, 0.00050509
174.1, 0.999997, 0.000505341
174.2, 0.999997, 0.000505593
174.3, 0.999997, 0.000505844
174.4, 0.999996, 0.000506096
174.5, 0.999996, 0.000506347
174.6, 0.999996, 0.000506598
174.7, 0.999996, 0.00050685
174.8, 0.999996, 0.000507101
174.9, 0.999996, 0.000507353
175, 0.999996, 0.000507604
175.1, 0.999996, 0.000508071
175.2, 0.999996, 0.000508539
175.3, 0.999995, 0.000509006
175.4, 0.999995, 0.000509473
175.5, 0.999995, 0.000509941
175.6, 0.999995, 0.000510408
175.7, 0.999995, 0.000510875
175.8, 0.999995, 0.000511342
175.9, 0.999995, 0.00051181
176, 0.999995, 0.000512277
176.1, 0.999994, 0.000512978
176.2, 0.999994, 0.000513679
176.3, 0.999994, 0.000514379
176.4, 0.999994, 0.00051508
176.5, 0.999994, 0.000515781
176.6, 0.999994, 0.000516482
176.7, 0.999993, 0.000517183
176.8, 0.999993, 0.000517883
176.9, 0.999993, 0.000518584
177, 0.999993, 0.000519285
177.1, 0.999993, 0.000519377
177.2, 0.999993, 0.000519469
177.3, 0.999992, 0.000519561
177.4, 0.999992, 0.000519653
177.5, 0.999992, 0.000519745
177.6, 0.999992, 0.000519837
177.7, 0.999992, 0.000519929
177.8, 0.999991, 0.000520021
177.9, 0.999991, 0.000520113
178, 0.999991, 0.000520205
178.1, 0.999991, 0.000520173
178.2, 0.99999, 0.000520142
178.3, 0.99999, 0.00052011
178.4, 0.99999, 0.000520078
178.5, 0.99999, 0.000520047
178.6, 0.999989, 0.000520015
178.7, 0.999989, 0.000519983
178.8, 0.999989, 0.000519951
178.9, 0.999988, 0.00051992
179, 0.999988, 0.000519888
179.1, 0.999988, 0.000519905
179.2, 0.999987, 0.000519922
179.3, 0.999987, 0.000519939
179.4, 0.999987, 0.000519956
179.5, 0.999986, 0.000519973
179.6, 0.999986, 0.00051999
179.7, 0.999986, 0.000520007
179.8, 0.999985, 0.000520024
179.9, 0.999985, 0.000520041
180, 0.999984, 0.000520058
180.1, 0.999984, 0.000519915
180.2, 0.999984, 0.000519772
180.3, 0.999983, 0.000519629
180.4, 0.999983, 0.000519486
180.5, 0.999982, 0.000519343
180.6, 0.999982, 0.000519201
180.7, 0.999981, 0.000519058
180.8, 0.999981, 0.000518915
180.9, 0.99998, 0.000518772
181, 0.99998, 0.000518629
181.1, 0.999979, 0.000518054
181.2, 0.999979, 0.000517479
181.3, 0.999978, 0.000516903
181.4, 0.999978, 0.000516328
181.5, 0.999977, 0.000515753
181.6, 0.999976, 0.000515178
181.7, 0.999976, 0.000514603
181.8, 0.999975, 0.000514027
181.9, 0.999974, 0.000513452
182, 0.999974, 0.000512877
182.1, 0.999973, 0.000512773
182.2, 0.999972, 0.00051267
182.3, 0.999971, 0.000512566
182.4, 0.999971, 0.000512462
182.5, 0.99997, 0.000512359
182.6, 0.999969, 0.000512255
182.7, 0.999968, 0.000512151
182.8, 0.999967, 0.000512047
182.9, 0.999967, 0.000511944
183, 0.999966, 0.00051184
183.1, 0.999965, 0.000511824
183.2, 0.999964, 0.000511807
183.3, 0.999963, 0.000511791
183.4, 0.999962, 0.000511775
183.5, 0.999961, 0.000511759
183.6, 0.99996, 0.000511742
183.7, 0.999959, 0.000511726
183.8, 0.999958, 0.00051171
183.9, 0.999957, 0.000511693
184, 0.999955, 0.000511677
184.1, 0.999954, 0.000512367
184.2, 0.999953, 0.000513057
184.3, 0.999952, 0.000513747
184.4, 0.99995, 0.000514437
184.5, 0.999949, 0.000515127
184.6, 0.999948, 0.000515818
184.7, 0.999946, 0.000516508
184.8, 0.999945, 0.000517198
184.9, 0.999943, 0.000517888
185, 0.999942, 0.000518578
185.1, 0.99994, 0.000518656
185.2, 0.999939, 0.000518734
185.3, 0.999937, 0.000518812
185.4, 0.999935, 0.00051889
185.5, 0.999934, 0.000518968
185.6, 0.999932, 0.000519046
185.7, 0.99993, 0.000519124
185.8, 0.999928, 0.000519202
185.9, 0.999926, 0.00051928
186, 0.999924, 0.000519358
186.1, 0.999922, 0.000520128
186.2, 0.99992, 0.000520899
186.3, 0.999918, 0.000521669
186.4, 0.999916, 0.00052244
186.5, 0.999914, 0.00052321
186.6, 0.999911, 0.00052398
186.7, 0.999909, 0.000524751
186.8, 0.999907, 0.000525521
186.9, 0.999904, 0.000526292
187, 0.999902, 0.000527062
187.1, 0.999899, 0.000527607
187.2, 0.999896, 0.000528153
187.3, 0.999893, 0.000528698
187.4, 0.999891, 0.000529244
187.5, 0.999888, 0.000529789
187.6, 0.999885, 0.000530334
187.7, 0.999882, 0.00053088
187.8, 0.999878, 0.000531425
187.9, 0.999875, 0.000531971
188, 0.999872, 0.000532516
188.1, 0.999868, 0.000533411
188.2, 0.999865, 0.000534305
188.3, 0.999861, 0.0005352
188.4, 0.999858, 0.000536094
188.5, 0.999854, 0.000536989
188.6, 0.99985, 0.000537883
188.7, 0.999846, 0.000538778
188.8, 0.999842, 0.000539672
188.9, 0.999838, 0.000540566
189, 0.999833, 0.000541461
189.1, 0.999829, 0.000541601
189.2, 0.999824, 0.000541741
189.3, 0.99982, 0.000541881
189.4, 0.999815, 0.000542021
189.5, 0.99981, 0.000542162
189.6, 0.999805, 0.000542302
189.7, 0.999799, 0.000542442
189.8, 0.999794, 0.000542582
189.9, 0.999789, 0.000542722
190, 0.999783, 0.000542862
190.1, 0.999777, 0.000544118
190.2, 0.999771, 0.000545375
190.3, 0.999765, 0.000546631
190.4, 0.999759, 0.000547887
190.5, 0.999752, 0.000549144
190.6, 0.999746, 0.0005504
190.7, 0.999739, 0.000551656
190.8, 0.999732, 0.000552912
190.9, 0.999725, 0.000554169
191, 0.999718, 0.000555425
191.1, 0.99971, 0.000556221
191.2, 0.999702, 0.000557016
191.3, 0.999694, 0.000557812
191.4, 0.999686, 0.000558608
191.5, 0.999678, 0.000559404
191.6, 0.999669, 0.000560199
191.7, 0.99966, 0.000560995
191.8, 0.999651, 0.000561791
191.9, 0.999642, 0.000562586
192, 0.999632, 0.000563382
192.1, 0.999623, 0.000564182
192.2, 0.999612, 0.000564983
192.3, 0.999602, 0.000565783
192.4, 0.999591, 0.000566583
192.5, 0.999581, 0.000567384
192.6, 0.999569, 0.000568184
192.7, 0.999558, 0.000568984
192.8, 0.999546, 0.000569784
192.9, 0.999534, 0.000570585
193, 0.999522, 0.000571385
193.1, 0.999509, 0.000572218
193.2, 0.999496, 0.000573051
193.3, 0.999482, 0.000573884
193.4, 0.999468, 0.000574717
193.5, 0.999454, 0.00057555
193.6, 0.99944, 0.000576384
193.7, 0.999425, 0.000577217
193.8, 0.999409, 0.00057805
193.9, 0.999393, 0.000578883
194, 0.999377, 0.000579716
194.1, 0.999361, 0.00058035
194.2, 0.999344, 0.000580985
194.3, 0.999326, 0.000581619
194.4, 0.999308, 0.000582254
194.5, 0.99929, 0.000582889
194.6, 0.999271, 0.000583523
194.7, 0.999251, 0.000584158
194.8, 0.999231, 0.000584792
194.9, 0.999211, 0.000585427
195, 0.99919, 0.000586061
195.1, 0.999168, 0.000586728
195.2, 0.999146, 0.000587394
195.3, 0.999123, 0.000588061
195.4, 0.9991, 0.000588728
195.5, 0.999076, 0.000589394
195.6, 0.999051, 0.000590061
195.7, 0.999026, 0.000590728
195.8, 0.999, 0.000591395
195.9, 0.998973, 0.000592061
196, 0.998945, 0.000592728
196.1, 0.998917, 0.000593476
196.2, 0.998888, 0.000594225
196.3, 0.998859, 0.000594973
196.4, 0.998828, 0.000595722
196.5, 0.998797, 0.00059647
196.6, 0.998765, 0.000597218
196.7, 0.998732, 0.000597967
196.8, 0.998698, 0.000598715
196.9, 0.998663, 0.000599464
197, 0.998628, 0.000600212
197.1, 0.998591, 0.000601466
197.2, 0.998554, 0.00060272
197.3, 0.998515, 0.000603973
197.4, 0.998475, 0.000605227
197.5, 0.998435, 0.000606481
197.6, 0.998393, 0.000607735
197.7, 0.99835, 0.000608989
197.8, 0.998306, 0.000610242
197.9, 0.998261, 0.000611496
198, 0.998215, 0.00061275
198.1, 0.998167, 0.000614047
198.2, 0.998118, 0.000615343
198.3, 0.998068, 0.00061664
198.4, 0.998017, 0.000617936
198.5, 0.997964, 0.000619233
198.6, 0.997909, 0.000620529
198.7, 0.997854, 0.000621826
198.8, 0.997797, 0.000623122
198.9, 0.997738, 0.000624419
199, 0.997678, 0.000625715
199.1, 0.997616, 0.000627924
199.2, 0.997552, 0.000630132
199.3, 0.997487, 0.000632341
199.4, 0.99742, 0.00063455
199.5, 0.997351, 0.000636759
199.6, 0.997281, 0.000638967
199.7, 0.997208, 0.000641176
199.8, 0.997134, 0.000643385
199.9, 0.997058, 0.000645593
200, 0.996979, 0.000647802
200.1, 0.996899, 0.00064976
200.2, 0.996816, 0.000651718
200.3, 0.996731, 0.000653676
200.4, 0.996644, 0.000655634
200.5, 0.996555, 0.000657592
200.6, 0.996463, 0.000659549
200.7, 0.996369, 0.000661507
200.8, 0.996273, 0.000663465
200.9, 0.996173, 0.000665423
201, 0.996072, 0.000667381
201.1, 0.995967, 0.000670074
201.2, 0.99586, 0.000672767
201.3, 0.99575, 0.00067546
201.4, 0.995637, 0.000678153
201.5, 0.995521, 0.000680846
201.6, 0.995402, 0.000683539
201.7, 0.995279, 0.000686232
201.8, 0.995154, 0.000688925
201.9, 0.995025, 0.000691618
202, 0.994893, 0.000694311
202.1, 0.994757, 0.000697682
202.2, 0.994618, 0.000701052
202.3, 0.994475, 0.000704423
202.4, 0.994328, 0.000707794
202.5, 0.994178, 0.000711164
202.6, 0.994023, 0.000714535
202.7, 0.993864, 0.000717906
202.8, 0.993701, 0.000721277
202.9, 0.993534, 0.000724647
203, 0.993363, 0.000728018
203.1, 0.993187, 0.000731152
203.2, 0.993006, 0.000734287
203.3, 0.99282, 0.000737421
203.4, 0.99263, 0.000740556
203.5, 0.992435, 0.000743691
203.6, 0.992234, 0.000746825
203.7, 0.992029, 0.00074996
203.8, 0.991817, 0.000753094
203.9, 0.991601, 0.000756229
204, 0.991378, 0.000759363
204.1, 0.99115, 0.000762827
204.2, 0.990916, 0.000766291
204.3, 0.990675, 0.000769755
204.4, 0.990429, 0.000773219
204.5, 0.990175, 0.000776683
204.6, 0.989916, 0.000780147
204.7, 0.989649, 0.000783611
204.8, 0.989376, 0.000787075
204.9, 0.989095, 0.000790539
205, 0.988807, 0.000794003
205.1, 0.988511, 0.000798409
205.2, 0.988208, 0.000802815
205.3, 0.987897, 0.000807222
205.4, 0.987578, 0.000811628
205.5, 0.98725, 0.000816034
205.6, 0.986914, 0.00082044
205.7, 0.986569, 0.000824846
205.8, 0.986215, 0.000829253
205.9, 0.985852, 0.000833659
206, 0.98548, 0.000838065
206.1, 0.985098, 0.000842554
206.2, 0.984706, 0.000847044
206.3, 0.984304, 0.000851533
206.4, 0.983891, 0.000856022
206.5, 0.983468, 0.000860511
206.6, 0.983034, 0.000865001
206.7, 0.982589, 0.00086949
206.8, 0.982132, 0.000873979
206.9, 0.981664, 0.000878469
207, 0.981183, 0.000882958
207.1, 0.98069, 0.000887472
207.2, 0.980185, 0.000891987
207.3, 0.979666, 0.000896501
207.4, 0.979134, 0.000901016
207.5, 0.978589, 0.00090553
207.6, 0.97803, 0.000910044
207.7, 0.977456, 0.000914559
207.8, 0.976868, 0.000919073
207.9, 0.976264, 0.000923588
208, 0.975646, 0.000928102
208.1, 0.975012, 0.000933822
208.2, 0.974361, 0.000939542
208.3, 0.973695, 0.000945261
208.4, 0.973011, 0.000950981
208.5, 0.97231, 0.000956701
208.6, 0.971591, 0.000962421
208.7, 0.970855, 0.000968141
208.8, 0.970099, 0.00097386
208.9, 0.969325, 0.00097958
209, 0.968532, 0.0009853
209.1, 0.967718, 0.00099177
209.2, 0.966885, 0.00099824
209.3, 0.96603, 0.001
209.4, 0.965154, 0.00101
209.5, 0.964257, 0.00102
209.6, 0.963337, 0.00102
209.7, 0.962395, 0.00103
209.8, 0.961429, 0.00104
209.9, 0.96044, 0.00104
210, 0.959426, 0.00105
210.1, 0.958387, 0.00106
210.2, 0.957323, 0.00106
210.3, 0.956233, 0.00107
210.4, 0.955116, 0.00108
210.5, 0.953973, 0.00109
210.6, 0.952801, 0.00109
210.7, 0.951602, 0.0011
210.8, 0.950373, 0.00111
210.9, 0.949115, 0.00111
211, 0.947827, 0.00112
211.1, 0.946508, 0.00113
211.2, 0.945157, 0.00114
211.3, 0.943775, 0.00114
211.4, 0.942359, 0.00115
211.5, 0.940911, 0.00116
211.6, 0.939428, 0.00117
211.7, 0.937911, 0.00118
211.8, 0.936358, 0.00118
211.9, 0.934769, 0.00119
212, 0.933143, 0.0012
212.1, 0.931479, 0.00121
212.2, 0.929778, 0.00122
212.3, 0.928037, 0.00123
212.4, 0.926257, 0.00124
212.5, 0.924436, 0.00125
212.6, 0.922574, 0.00126
212.7, 0.92067, 0.00127
212.8, 0.918723, 0.00128
212.9, 0.916733, 0.00129
213, 0.914698, 0.0013
213.1, 0.912619, 0.00131
213.2, 0.910494, 0.00132
213.3, 0.908322, 0.00133
213.4, 0.906103, 0.00134
213.5, 0.903837, 0.00135
213.6, 0.901521, 0.00137
213.7, 0.899156, 0.00138
213.8, 0.89674, 0.00139
213.9, 0.894274, 0.0014
214, 0.891756, 0.00141
214.1, 0.889185, 0.00142
214.2, 0.886561, 0.00144
214.3, 0.883882, 0.00145
214.4, 0.881149, 0.00146
214.5, 0.878361, 0.00148
214.6, 0.875516, 0.00149
214.7, 0.872615, 0.0015
214.8, 0.869656, 0.00151
214.9, 0.866639, 0.00153
215, 0.863563, 0.00154
215.1, 0.860427, 0.00155
215.2, 0.857231, 0.00157
215.3, 0.853974, 0.00158
215.4, 0.850657, 0.0016
215.5, 0.847277, 0.00161
215.6, 0.843834, 0.00162
215.7, 0.840329, 0.00164
215.8, 0.836761, 0.00165
215.9, 0.833128, 0.00167
216, 0.829431, 0.00168
216.1, 0.825669, 0.0017
216.2, 0.821842, 0.00171
216.3, 0.81795, 0.00173
216.4, 0.813992, 0.00174
216.5, 0.809968, 0.00176
216.6, 0.805877, 0.00177
216.7, 0.80172, 0.00179
216.8, 0.797496, 0.0018
216.9, 0.793206, 0.00182
217, 0.788849, 0.00183
217.1, 0.784425, 0.00185
217.2, 0.779934, 0.00186
217.3, 0.775376, 0.00188
217.4, 0.770752, 0.0019
217.5, 0.766061, 0.00192
217.6, 0.761304, 0.00193
217.7, 0.756481, 0.00195
217.8, 0.751592, 0.00197
217.9, 0.746638, 0.00198
218, 0.741619, 0.002
218.1, 0.736536, 0.00202
218.2, 0.731389, 0.00204
218.3, 0.726179, 0.00206
218.4, 0.720906, 0.00208
218.5, 0.715572, 0.0021
218.6, 0.710176, 0.00212
218.7, 0.704721, 0.00214
218.8, 0.699206, 0.00216
218.9, 0.693633, 0.00218
219, 0.688003, 0.0022
219.1, 0.682317, 0.00222
219.2, 0.676576, 0.00224
219.3, 0.670781, 0.00227
219.4, 0.664934, 0.00229
219.5, 0.659036, 0.00231
219.6, 0.653088, 0.00233
219.7, 0.647092, 0.00235
219.8, 0.641049, 0.00238
219.9, 0.634961, 0.0024
220, 0.62883, 0.00242
220.1, 0.622657, 0.00244
220.2, 0.616444, 0.00247
220.3, 0.610192, 0.00249
220.4, 0.603904, 0.00252
220.5, 0.597582, 0.00255
220.6, 0.591227, 0.00257
220.7, 0.584841, 0.0026
220.8, 0.578427, 0.00262
220.9, 0.571986, 0.00265
221, 0.565521, 0.00267
221.1, 0.559033, 0.0027
221.2, 0.552525, 0.00273
221.3, 0.546, 0.00276
221.4, 0.539458, 0.00279
221.5, 0.532902, 0.00281
221.6, 0.526336, 0.00284
221.7, 0.51976, 0.00287
221.8, 0.513177, 0.0029
221.9, 0.50659, 0.00293
222, 0.5, 0.00296
222.1, 0.49341, 0.00299
222.2, 0.486823, 0.00302
222.3, 0.48024, 0.00306
222.4, 0.473664, 0.00309
222.5, 0.467098, 0.00312
222.6, 0.460542, 0.00315
222.7, 0.454, 0.00318
222.8, 0.447475, 0.00322
222.9, 0.440967, 0.00325
223, 0.434479, 0.00328
223.1, 0.428014, 0.00332
223.2, 0.421573, 0.00335
223.3, 0.415159, 0.00339
223.4, 0.408773, 0.00343
223.5, 0.402418, 0.00347
223.6, 0.396096, 0.0035
223.7, 0.389808, 0.00354
223.8, 0.383556, 0.00358
223.9, 0.377343, 0.00361
224, 0.37117, 0.00365
224.1, 0.365039, 0.00369
224.2, 0.358951, 0.00373
224.3, 0.352908, 0.00377
224.4, 0.346912, 0.00381
224.5, 0.340964, 0.00385
224.6, 0.335066, 0.00389
224.7, 0.329219, 0.00393
224.8, 0.323424, 0.00397
224.9, 0.317683, 0.00401
225, 0.311997, 0.00405
225.1, 0.306367, 0.00411
225.2, 0.300794, 0.00416
225.3, 0.295279, 0.00422
225.4, 0.289824, 0.00427
225.5, 0.284428, 0.00433
225.6, 0.279094, 0.00439
225.7, 0.273821, 0.00444
225.8, 0.268611, 0.0045
225.9, 0.263464, 0.00455
226, 0.258381, 0.00461
226.1, 0.253362, 0.00466
226.2, 0.248408, 0.00471
226.3, 0.243519, 0.00477
226.4, 0.238696, 0.00482
226.5, 0.233939, 0.00487
226.6, 0.229248, 0.00492
226.7, 0.224624, 0.00497
226.8, 0.220066, 0.00503
226.9, 0.215575, 0.00508
227, 0.211151, 0.00513
227.1, 0.206794, 0.00519
227.2, 0.202504, 0.00524
227.3, 0.19828, 0.0053
227.4, 0.194123, 0.00536
227.5, 0.190032, 0.00541
227.6, 0.186008, 0.00547
227.7, 0.18205, 0.00553
227.8, 0.178158, 0.00559
227.9, 0.174331, 0.00564
228, 0.170569, 0.0057
228.1, 0.166872, 0.00576
228.2, 0.163239, 0.00583
228.3, 0.159671, 0.00589
228.4, 0.156166, 0.00596
228.5, 0.152723, 0.00602
228.6, 0.149343, 0.00608
228.7, 0.146026, 0.00615
228.8, 0.142769, 0.00621
228.9, 0.139573, 0.00628
229, 0.136437, 0.00634
229.1, 0.133361, 0.00641
229.2, 0.130344, 0.00648
229.3, 0.127385, 0.00655
229.4, 0.124484, 0.00662
229.5, 0.121639, 0.00669
229.6, 0.118851, 0.00677
229.7, 0.116118, 0.00684
229.8, 0.113439, 0.00691
229.9, 0.110815, 0.00698
230, 0.108244, 0.00705
230.1, 0.105726, 0.00713
230.2, 0.10326, 0.00721
230.3, 0.100844, 0.00729
230.4, 0.098479, 0.00737
230.5, 0.0961634, 0.00745
230.6, 0.0938965, 0.00752
230.7, 0.0916777, 0.0076
230.8, 0.0895061, 0.00768
230.9, 0.087381, 0.00776
231, 0.0853017, 0.00784
231.1, 0.0832673, 0.00793
231.2, 0.0812771, 0.00802
231.3, 0.0793304, 0.00811
231.4, 0.0774264, 0.0082
231.5, 0.0755643, 0.00829
231.6, 0.0737434, 0.00837
231.7, 0.071963, 0.00846
231.8, 0.0702223, 0.00855
231.9, 0.0685206, 0.00864
232, 0.0668572, 0.00873
232.1, 0.0652313, 0.00883
232.2, 0.0636423, 0.00892
232.3, 0.0620894, 0.00902
232.4, 0.0605719, 0.00912
232.5, 0.0590892, 0.00922
232.6, 0.0576406, 0.00931
232.7, 0.0562253, 0.00941
232.8, 0.0548428, 0.00951
232.9, 0.0534924, 0.0096
233, 0.0521733, 0.0097
233.1, 0.0508851, 0.00981
233.2, 0.049627, 0.00992
233.3, 0.0483984, 0.01003
233.4, 0.0471987, 0.01014
233.5, 0.0460273, 0.01025
233.6, 0.0448836, 0.01035
233.7, 0.0437671, 0.01046
233.8, 0.042677, 0.01057
233.9, 0.041613, 0.01068
234, 0.0405743, 0.01079
234.1, 0.0395605, 0.01091
234.2, 0.038571, 0.01103
234.3, 0.0376053, 0.01116
234.4, 0.0366628, 0.01128
234.5, 0.0357431, 0.0114
234.6, 0.0348456, 0.01152
234.7, 0.0339699, 0.01164
234.8, 0.0331154, 0.01177
234.9, 0.0322817, 0.01189
235, 0.0314683, 0.01201
235.1, 0.0306748, 0.01214
235.2, 0.0299006, 0.01228
235.3, 0.0291454, 0.01241
235.4, 0.0284087, 0.01255
235.5, 0.0276901, 0.01268
235.6, 0.0269892, 0.01281
235.7, 0.0263055, 0.01295
235.8, 0.0256387, 0.01308
235.9, 0.0249883, 0.01322
236, 0.0243541, 0.01335
236.1, 0.0237355, 0.0135
236.2, 0.0231323, 0.01365
236.3, 0.0225441, 0.0138
236.4, 0.0219705, 0.01395
236.5, 0.0214111, 0.0141
236.6, 0.0208657, 0.01425
236.7, 0.0203339, 0.0144
236.8, 0.0198154, 0.01455
236.9, 0.0193099, 0.0147
237, 0.018817, 0.01485
237.1, 0.0183364, 0.01502
237.2, 0.0178679, 0.01518
237.3, 0.0174111, 0.01535
237.4, 0.0169659, 0.01552
237.5, 0.0165318, 0.01569
237.6, 0.0161086, 0.01585
237.7, 0.0156961, 0.01602
237.8, 0.015294, 0.01619
237.9, 0.0149021, 0.01635
238, 0.01452, 0.01652
238.1, 0.0141476, 0.01671
238.2, 0.0137846, 0.01689
238.3, 0.0134308, 0.01708
238.4, 0.013086, 0.01726
238.5, 0.0127499, 0.01745
238.6, 0.0124223, 0.01763
238.7, 0.0121031, 0.01782
238.8, 0.0117919, 0.018
238.9, 0.0114887, 0.01819
239, 0.0111931, 0.01837
239.1, 0.0109051, 0.01858
239.2, 0.0106244, 0.01878
239.3, 0.0103509, 0.01899
239.4, 0.0100843, 0.0192
239.5, 0.00982453, 0.0194
239.6, 0.00957138, 0.01961
239.7, 0.0093247, 0.01982
239.8, 0.00908432, 0.02003
239.9, 0.00885007, 0.02023
240, 0.00862182, 0.02044
240.1, 0.0083994, 0.02067
240.2, 0.00818267, 0.0209
240.3, 0.00797149, 0.02113
240.4, 0.00776572, 0.02136
240.5, 0.00756522, 0.02159
240.6, 0.00736986, 0.02181
240.7, 0.0071795, 0.02204
240.8, 0.00699403, 0.02227
240.9, 0.00681331, 0.0225
241, 0.00663724, 0.02273
241.1, 0.00646568, 0.02298
241.2, 0.00629853, 0.02324
241.3, 0.00613568, 0.0235
241.4, 0.00597701, 0.02375
241.5, 0.00582242, 0.024
241.6, 0.0056718, 0.02426
241.7, 0.00552506, 0.02451
241.8, 0.0053821, 0.02477
241.9, 0.00524282, 0.02502
242, 0.00510712, 0.02528
242.1, 0.00497491, 0.02556
242.2, 0.00484612, 0.02585
242.3, 0.00472064, 0.02613
242.4, 0.00459839, 0.02642
242.5, 0.0044793, 0.0267
242.6, 0.00436327, 0.02698
242.7, 0.00425024, 0.02727
242.8, 0.00414013, 0.02755
242.9, 0.00403285, 0.02784
243, 0.00392835, 0.02812
243.1, 0.00382654, 0.02844
243.2, 0.00372736, 0.02875
243.3, 0.00363075, 0.02907
243.4, 0.00353662, 0.02938
243.5, 0.00344493, 0.0297
243.6, 0.00335561, 0.03002
243.7, 0.0032686, 0.03033
243.8, 0.00318383, 0.03065
243.9, 0.00310126, 0.03096
244, 0.00302082, 0.03128
244.1, 0.00294247, 0.03163
244.2, 0.00286614, 0.03198
244.3, 0.00279178, 0.03233
244.4, 0.00271935, 0.03268
244.5, 0.00264879, 0.03304
244.6, 0.00258006, 0.03339
244.7, 0.0025131, 0.03374
244.8, 0.00244789, 0.03409
244.9, 0.00238435, 0.03444
245, 0.00232247, 0.03479
245.1, 0.00226218, 0.03518
245.2, 0.00220346, 0.03557
245.3, 0.00214626, 0.03596
245.4, 0.00209054, 0.03635
245.5, 0.00203626, 0.03674
245.6, 0.00198339, 0.03713
245.7, 0.0019319, 0.03752
245.8, 0.00188173, 0.03791
245.9, 0.00183287, 0.0383
246, 0.00178527, 0.03869
246.1, 0.0017389, 0.03912
246.2, 0.00169374, 0.03956
246.3, 0.00164975, 0.03999
246.4, 0.0016069, 0.04043
246.5, 0.00156516, 0.04086
246.6, 0.0015245, 0.04129
246.7, 0.0014849, 0.04173
246.8, 0.00144633, 0.04216
246.9, 0.00140875, 0.0426
247, 0.00137215, 0.04303
247.1, 0.0013365, 0.04351
247.2, 0.00130178, 0.044
247.3, 0.00126796, 0.04448
247.4, 0.00123501, 0.04496
247.5, 0.00120292, 0.04544
247.6, 0.00117166, 0.04593
247.7, 0.00114121, 0.04641
247.8, 0.00111156, 0.04689
247.9, 0.00108267, 0.04738
248, 0.00105454, 0.04786
248.1, 0.00102713, 0.0484
248.2, 0.00100043, 0.04894
248.3, 0.000974433, 0.04947
248.4, 0.000949106, 0.05001
248.5, 0.000924438, 0.05055
248.6, 0.00090041, 0.05109
248.7, 0.000877005, 0.05163
248.8, 0.000854209, 0.05216
248.9, 0.000832005, 0.0527
249, 0.000810377, 0.05324
249.1, 0.000789311, 0.05384
249.2, 0.000768793, 0.05443
249.3, 0.000748807, 0.05503
249.4, 0.000729341, 0.05563
249.5, 0.00071038, 0.05622
249.6, 0.000691912, 0.05682
249.7, 0.000673923, 0.05742
249.8, 0.000656402, 0.05802
249.9, 0.000639337, 0.05861
250, 0.000622714, 0.05921
